3
1
2
1
1
4
2
3
V 1
18
torch.DoubleTensor
2
100 2
2 1
1
4
3
3
V 1
19
torch.DoubleStorage
200
0.1723405106458813 0.47247504140250385 0.13713574991561472 0.74276482709683478 0.93259546486660838 0.19195607607252896 0.69681816268712282 0.46431150753051043 0.066000173566862941 0.23036280414089561 0.7554630518425256 0.50824753753840923 0.75387619319371879 0.20856830826960504 0.92302454076707363 0.049304245738312602 0.71152475685812533 0.51886187540367246 0.12427096231840551 0.17227835697121918 0.019880132051184773 0.39631328824907541 0.02621098724193871 0.10736530832946301 0.028306489111855626 0.50981027819216251 0.24621106986887753 0.10213523241691291 0.86002795048989356 0.28871783264912665 0.53883106610737741 0.23175846342928708 0.55282197333872318 0.96766792563721538 0.84203089331276715 0.27831884264014661 0.12417331710457802 0.2336225276812911 0.27918368065729737 0.091556440340355039 0.58575926790945232 0.57006665784865618 0.9695957456715405 0.41792653826996684 0.56103021977469325 0.36784324049949646 0.018647290067747235 0.81299497163854539 0.80063267308287323 0.28976000170223415 0.23297427338548005 0.71739160199649632 0.80710519128479064 0.61294809030368924 0.38786064554005861 0.42690982366912067 0.8635418526828289 0.75187296932563186 0.74712163954973221 0.42781263520009816 0.55624023731797934 0.42838240950368345 0.13645522715523839 0.36190444952808321 0.059917694889008999 0.15333848400041461 0.12134345108643174 0.93719032593071461 0.044551874743774533 0.91640987317077816 0.10749412328004837 0.78195846267044544 0.22570933867245913 0.61632894282229245 0.71298898430541158 0.035999435698613524 0.55971697927452624 0.6543237715959549 0.012555981986224651 0.12976961280219257 0.071974283084273338 0.29435947188176215 0.96727632964029908 0.36081475485116243 0.56810046266764402 0.27464515320025384 0.20329324109479785 0.073968997923657298 0.25232574669644237 0.15213715727441013 0.74382585729472339 0.16161852958612144 0.19542948016896844 0.9387116979341954 0.58135892963036895 0.37113389535807073 0.97001998941414058 0.050018084468320012 0.84682879946194589 0.74095555720850825 0.23984776344150305 0.29868024284951389 0.49376971321180463 0.20435812417417765 0.61995571199804544 0.98175663501024246 0.82898089732043445 0.89302121172659099 0.15679139457643032 0.75934879924170673 0.018576198490336537 0.65112056536599994 0.070022144820541143 0.039683501934632659 0.48634510650299489 0.81387636181898415 0.60632945946417749 0.762573137646541 0.56885143765248358 0.45528246997855604 0.31736240535974503 0.53182644629850984 0.98861615592613816 0.10933606373146176 0.5797452237457037 0.14603274362161756 0.38014117581769824 0.50878873863257468 0.55094821844249964 0.215650275349617 0.74533443059772253 0.91644370276480913 0.66923289326950908 0.46215251483954489 0.26491955830715597 0.13226727466098964 0.06633483269251883 0.76424161251634359 0.37008420145139098 0.21273369481787086 0.62971750856377184 0.074258434120565653 0.2101740122307092 0.09541924437507987 0.75275555835105479 0.16220551123842597 0.06653648242354393 0.35646368190646172 0.26031510205939412 0.095307811629027128 0.80475456546992064 0.14326300681568682 0.19343428080901504 0.93101292848587036 0.6394608817063272 0.57658421783708036 0.5246703065931797 0.8396452113520354 0.92480796785093844 0.62329211458563805 0.2632967745885253 0.32451750035397708 0.065961088752374053 0.72801164025440812 0.7350659656804055 0.52273662481456995 0.77217802940867841 0.73681146232411265 0.90781585848890245 0.16540611279197037 0.93197206733748317 0.68705829884856939 0.013951570494100451 0.42681084387004375 0.23436208628118038 0.72855739668011665 0.61677835462614894 0.75633539026603103 0.94901632121764123 0.39761127694509923 0.95017611887305975 0.92520010797306895 0.55665318970568478 0.20351031771861017 0.91560635552741587 0.0080027107615023851 0.64156620670109987 0.92635071114636958 0.390007718000561 0.29451154661364853 0.48599067004397511 0.16695159254595637 0.60431048949249089 0.024101625196635723 0.54954791930504143 0.45200160657986999 0.92618142697028816 0.80833874410018325 0.9187334356829524 0.36837685387581587
1
2
4
4
3
V 1
18
torch.DoubleTensor
1
100
1
1
4
5
3
V 1
19
torch.DoubleStorage
100
0.45527465756071817 0.83514572425118017 1.3609424216520556 1.3517068834848547 0.10522658112265665 1.6324221770917136 0.93893237044542921 0.95327526601504819 1.5273591803928521 0.15726001858321706 0.2237831800785422 0.019113893368497881 0.29172213606740144 0.16729967439462015 1.4144138953604206 0.68993994875725573 2.3946010798025119 1.2886020529031619 0.12951976452463015 0.18465657987885223 1.3535531966923651 1.9357572134567353 0.89601226247315724 0.74193644243604051 1.202055869628299 0.99176428318138177 2.0975003916208399 0.71728865116883678 2.6440387126423346 1.4086182265457317 1.0634925053017392 0.28382083598971591 0.10367961576680471 1.2101217819511276 1.0113306799147452 0.81527481628989296 0.79350191202406162 0.56337206259245132 1.5644341759720701 0.11682925542383082 0.18018844635869419 1.8068227183604231 0.76485485468799153 0.11150320031520036 0.24345059951348852 0.87753630102669178 1.3148480972976238 0.91989519748476056 1.0895030243992043 2.6160634940025722 0.34992344439338696 0.51874356036765445 2.5670357699394777 3.0605743760045243 0.89866099543264799 0.47033307901982102 0.055402964295546531 1.71544588667352 1.9546303728542023 1.1352304407077962 0.75264618640385872 1.2290259093219551 0.61604252837060625 0.87170639853291121 0.64545897236635408 2.8158962882148808 1.2984339622145644 0.17688340729085286 0.7686501547452822 0.39856069381874248 0.55678524596602552 0.098200918023461481 0.84254468631598933 0.1805164370001601 0.1684870247964502 0.90370841886984155 1.3322884102225403 1.5187072132615496 1.9532170103164244 2.4543042616328528 0.34556582413462594 0.71714443988472731 1.6797432710430895 2.3556655098538126 1.1894634313206238 2.6467296013659229 0.29164986017960148 0.93543942149449633 1.9459129664848269 1.8291814877668948 3.5999205731875703 0.5987978461047091 0.91052485811956596 2.50010174062241 0.53137424385158982 0.4611025999257517 0.42345941360602435 1.0730898558272368 3.0672435576058081 1.7264038470654848
